1,98,192,177,206,1,207,0,85,190
1,98,192,177,209,1,208,0,84,190
1,98,192,177,212,1,207,0,84,190
1,98,192,177,215,1,207,0,85,62
1,98,192,177,218,1,208,0,84,190
1,98,192,177,221,1,207,0,85,62
1,98,192,177,224,1,206,0,85,190
1,98,192,177,227,1,206,0,84,190
1,98,192,177,230,1,206,0,85,62
1,98,192,177,233,1,207,0,85,62
1,98,192,177,236,1,207,0,85,62
1,98,192,177,239,1,207,0,85,62
1,98,192,177,242,1,208,0,85,190
1,98,192,177,245,1,208,0,84,190
1,98,192,177,248,1,207,0,85,62
1,98,192,177,251,1,207,0,85,62
1,98,192,177,254,1,206,0,85,190
1,98,192,178,1,1,207,0,85,62
1,98,192,178,4,1,207,0,86,190
1,98,192,178,7,1,206,0,85,190
1,98,192,178,10,1,206,0,85,62
1,98,192,178,13,1,206,0,84,190
1,98,192,178,16,1,205,0,85,190
1,98,192,178,19,1,206,0,86,190
1,98,192,178,22,1,206,0,85,62
1,98,192,178,25,1,206,0,85,62
1,98,192,178,28,1,205,0,84,190
1,98,192,178,31,1,206,0,85,190
1,98,192,178,34,1,206,0,85,62
1,98,192,178,37,1,206,0,84,190
1,98,192,178,40,1,206,0,85,62
1,98,192,178,43,1,206,0,85,62
1,98,192,178,46,1,206,0,84,190
1,98,192,178,49,1,206,0,84,190
1,98,192,178,52,1,205,0,85,190
1,98,192,178,55,1,205,0,85,62
1,98,192,178,58,1,205,0,84,190
1,98,192,178,61,1,205,0,85,62
1,98,192,178,64,1,206,0,85,62
1,98,192,178,67,1,206,0,84,190
1,98,192,178,70,1,205,0,86,62
1,98,192,178,73,1,205,0,84,190
1,98,192,178,76,1,205,0,85,62
1,98,192,178,79,1,206,0,85,62
1,98,192,178,82,1,208,0,85,62
1,98,192,178,85,1,208,0,85,62
1,98,192,178,88,1,208,0,84,190
1,98,192,178,91,1,208,0,85,62
1,98,192,178,94,1,208,0,87,190
1,98,192,178,97,1,208,0,84,190
1,98,192,178,100,1,209,0,85,62
1,98,192,178,103,1,210,0,85,62
1,98,192,178,106,1,210,0,84,190
1,98,192,178,109,1,210,0,87,190
1,98,192,178,112,1,211,0,85,62
1,98,192,178,115,1,211,0,84,190
1,98,192,178,118,1,211,0,85,62
1,98,192,178,121,1,211,0,85,62
1,98,192,178,124,1,211,0,84,62
1,98,192,178,127,1,211,0,84,190
1,98,192,178,130,1,211,0,85,190
1,98,192,178,133,1,210,0,85,62
1,98,192,178,136,1,210,0,84,190
1,98,192,178,139,1,210,0,85,190
1,98,192,178,142,1,211,0,84,190
1,98,192,178,145,1,211,0,85,62
1,98,192,178,148,1,211,0,85,62
1,98,192,178,151,1,210,0,84,190
1,98,192,178,154,1,209,0,85,190
1,98,192,178,157,1,209,0,84,190
1,98,192,178,160,1,209,0,85,62
1,98,192,178,163,1,209,0,85,190
1,98,192,178,166,1,209,0,84,190
1,98,192,178,169,1,208,0,86,190
1,98,192,178,172,1,209,0,85,62
1,98,192,178,175,1,208,0,84,190
1,98,192,178,178,1,208,0,85,62
1,98,192,178,181,1,207,0,85,62
1,98,192,178,184,1,206,0,86,190
1,98,192,178,187,1,206,0,85,62
1,98,192,178,190,1,206,0,85,62
1,98,192,178,193,1,206,0,84,62
1,98,192,178,196,1,206,0,85,62
1,98,192,178,199,1,206,0,87,190
1,98,192,178,202,1,205,0,84,190
1,98,192,178,205,1,205,0,84,190
1,98,192,178,208,1,205,0,85,62
1,98,192,178,211,1,206,0,84,190
1,98,192,178,214,1,207,0,85,190
1,98,192,178,217,1,207,0,85,62
1,98,192,178,220,1,207,0,84,190
1,98,192,178,223,1,206,0,85,62
1,98,192,178,226,1,205,0,84,190
1,98,192,178,229,1,205,0,85,62
1,98,192,178,232,1,204,0,85,190
1,98,192,178,235,1,205,0,84,190
1,98,192,178,238,1,206,0,85,62
1,98,192,178,241,1,206,0,84,190
1,98,192,178,244,1,206,0,86,190
1,98,192,178,247,1,207,0,85,190
1,98,192,178,250,1,207,0,84,190
1,98,192,178,253,1,206,0,85,62
1,98,192,179,0,1,206,0,85,62
1,98,192,179,3,1,206,0,87,62
1,98,192,179,6,1,205,0,85,190
1,98,192,179,9,1,205,0,84,190
1,98,192,179,12,1,204,0,84,190
1,98,192,179,15,1,204,0,85,62
1,98,192,179,18,1,204,0,87,190
1,98,192,179,21,1,204,0,84,190
1,98,192,179,24,1,204,0,85,62
1,98,192,179,27,1,203,0,85,190
1,98,192,179,30,1,203,0,84,190
1,98,192,179,33,1,203,0,87,62
1,98,192,179,36,1,202,0,85,190
1,98,192,179,39,1,202,0,84,190
1,98,192,179,42,1,202,0,85,62
1,98,192,179,45,1,202,0,85,190
1,98,192,179,48,1,202,0,87,190
1,98,192,179,51,1,202,0,85,62
1,98,192,179,54,1,202,0,85,190
1,98,192,179,57,1,201,0,84,190
1,98,192,179,60,1,201,0,85,190
1,98,192,179,63,1,201,0,85,62
1,98,192,179,66,1,201,0,84,190
1,98,192,179,69,1,201,0,85,190
1,98,192,179,72,1,201,0,84,190
1,98,192,179,75,1,201,0,85,190
1,98,192,179,78,1,201,0,87,62
1,98,192,179,81,1,201,0,84,190
1,98,192,179,84,1,201,0,85,62
1,98,192,179,87,1,201,0,85,62
1,98,192,179,90,1,201,0,84,190
1,98,192,179,93,1,201,0,86,190
1,98,192,179,96,1,200,0,85,62
1,98,192,179,99,1,200,0,85,62
1,98,192,179,102,1,200,0,84,190
1,98,192,179,105,1,201,0,85,62
1,98,192,179,108,1,201,0,87,190
1,98,192,179,111,1,201,0,85,62
1,98,192,179,114,1,201,0,84,190
1,98,192,179,117,1,201,0,85,190
1,98,192,179,120,1,202,0,85,62
1,98,192,179,123,1,203,0,86,190
1,98,192,179,126,1,203,0,85,62
1,98,192,179,129,1,203,0,84,190
1,98,192,179,132,1,203,0,85,62
1,98,192,179,135,1,203,0,85,62
1,98,192,179,138,1,204,0,86,190
1,98,192,179,141,1,205,0,85,62
1,98,192,179,144,1,205,0,85,190
1,98,192,179,147,1,206,0,84,190
1,98,192,179,150,1,206,0,85,190
1,98,192,179,153,1,207,0,85,62
1,98,192,179,156,1,207,0,84,190
1,98,192,179,159,1,208,0,85,190
1,98,192,179,162,1,208,0,84,190
1,98,192,179,165,1,208,0,85,62
1,98,192,179,168,1,208,0,87,190
1,98,192,179,171,1,208,0,85,62
1,98,192,179,174,1,208,0,85,190
1,98,192,179,177,1,208,0,85,62
1,98,192,179,180,1,209,0,84,190
1,98,192,179,183,1,208,0,87,190
1,98,192,179,186,1,208,0,85,63
1,98,192,179,189,1,209,0,84,190
1,98,192,179,192,1,208,0,85,63
1,98,192,179,195,1,209,0,85,63
1,98,192,179,198,1,209,0,86,191
1,98,192,179,201,1,209,0,85,191
1,98,192,179,204,1,208,0,84,191
1,98,192,179,207,1,208,0,85,191
1,98,192,179,210,1,208,0,85,63
1,98,192,179,213,1,207,0,87,63
1,98,192,179,216,1,207,0,85,63
1,98,192,179,219,1,208,0,84,191
1,98,192,179,222,1,207,0,85,191
1,98,192,179,225,1,208,0,85,63
1,98,192,179,228,1,208,0,87,63
1,98,192,179,231,1,209,0,85,191
1,98,192,179,234,1,209,0,85,63
1,98,192,179,237,1,209,0,84,191
1,98,192,179,240,1,209,0,85,63
1,98,192,179,243,1,209,0,85,191
1,98,192,179,246,1,208,0,84,191
1,98,192,179,249,1,208,0,85,63
1,98,192,179,252,1,208,0,85,191
1,98,192,179,255,1,208,0,84,191
1,98,192,180,2,1,208,0,85,191
1,98,192,180,5,1,207,0,85,63
1,98,192,180,8,1,207,0,84,191
1,98,192,180,11,1,208,0,85,191
1,98,192,180,14,1,208,0,84,191
1,98,192,180,17,1,208,0,87,191
1,98,192,180,20,1,208,0,85,191
1,98,192,180,23,1,208,0,84,191
1,98,192,180,26,1,208,0,85,63
1,98,192,180,29,1,208,0,85,191
1,98,192,180,32,1,208,0,86,191
1,98,192,180,35,1,209,0,84,191
1,98,192,180,38,1,209,0,85,191
1,98,192,180,41,1,209,0,85,191
1,98,192,180,44,1,209,0,85,63
1,98,192,180,47,1,209,0,87,191
1,98,192,180,50,1,208,0,85,63
1,98,192,180,53,1,209,0,85,63
1,98,192,180,56,1,208,0,85,63
1,98,192,180,59,1,209,0,85,63
1,98,192,180,62,1,208,0,87,63
1,98,192,180,65,1,207,0,85,191
1,98,192,180,68,1,207,0,85,63
1,98,192,180,71,1,207,0,84,191
1,98,192,180,74,1,207,0,85,191
1,98,192,180,77,1,207,0,85,63
1,98,192,180,80,1,207,0,84,191
1,98,192,180,83,1,208,0,85,191
1,98,192,180,86,1,208,0,84,191
1,98,192,180,89,1,208,0,85,191
1,98,192,180,92,1,208,0,87,63
1,98,192,180,95,1,208,0,85,63
1,98,192,180,98,1,208,0,85,191
1,98,192,180,101,1,207,0,84,191
1,98,192,180,104,1,207,0,85,63
1,98,192,180,107,1,207,0,87,191
1,98,192,180,110,1,207,0,84,191
1,98,192,180,113,1,208,0,85,63
1,98,192,180,116,1,208,0,85,191
1,98,192,180,119,1,208,0,84,191
1,98,192,180,122,1,208,0,87,63
1,98,192,180,125,1,208,0,85,191
1,98,192,180,128,1,209,0,85,63
1,98,192,180,131,1,209,0,85,63
1,98,192,180,134,1,209,0,85,191
1,98,192,180,137,1,209,0,87,63
1,98,192,180,140,1,209,0,85,63
1,98,192,180,143,1,209,0,85,191
1,98,192,180,146,1,208,0,84,191
1,98,192,180,149,1,208,0,84,191
1,98,192,180,152,1,208,0,85,191
1,98,192,180,155,1,208,0,85,63
1,98,192,180,158,1,208,0,85,63
1,98,192,180,161,1,208,0,85,63
1,98,192,180,164,1,207,0,84,191
1,98,192,180,167,1,207,0,85,191
1,98,192,180,170,1,207,0,85,191
1,98,192,180,173,1,207,0,84,191
1,98,192,180,176,1,207,0,85,63
1,98,192,180,179,1,207,0,85,191
1,98,192,180,182,1,206,0,85,63
1,98,192,180,185,1,206,0,85,63
1,98,192,180,188,1,205,0,85,191
1,98,192,180,191,1,206,0,85,63
1,98,192,180,194,1,206,0,84,191
1,98,192,180,197,1,206,0,85,63
1,98,192,180,200,1,207,0,84,191
1,98,192,180,203,1,206,0,86,63
1,98,192,180,206,1,206,0,85,63
1,98,192,180,209,1,206,0,84,191
1,98,192,180,212,1,207,0,85,63
1,98,192,180,215,1,208,0,85,191
1,98,192,180,218,1,208,0,85,63
1,98,192,180,221,1,208,0,85,63
1,98,192,180,224,1,208,0,84,191
1,98,192,180,227,1,208,0,87,63
1,98,192,180,230,1,209,0,85,191
1,98,192,180,233,1,209,0,85,63
1,98,192,180,236,1,211,0,85,191
1,98,192,180,239,1,211,0,85,191
1,98,192,180,242,1,211,0,87,63
1,98,192,180,245,1,211,0,85,63
1,98,192,180,248,1,211,0,85,63
1,98,192,180,251,1,210,0,84,191
1,98,192,180,254,1,210,0,85,63
1,98,192,181,1,1,210,0,85,63
1,98,192,181,4,1,209,0,85,191
1,98,192,181,7,1,209,0,85,191
1,98,192,181,10,1,209,0,85,63
1,98,192,181,13,1,209,0,85,191
1,98,192,181,16,1,209,0,85,63
1,98,192,181,19,1,209,0,85,63
1,98,192,181,22,1,209,0,85,63
1,98,192,181,25,1,209,0,85,191
1,98,192,181,28,1,209,0,85,63
1,98,192,181,31,1,209,0,84,191
1,98,192,181,34,1,208,0,85,63
1,98,192,181,37,1,208,0,85,63
1,98,192,181,40,1,207,0,85,191
1,98,192,181,43,1,207,0,85,63
1,98,192,181,46,1,207,0,85,63
1,98,192,181,49,1,207,0,85,63
1,98,192,181,52,1,207,0,85,63
1,98,192,181,55,1,207,0,85,191
1,98,192,181,58,1,207,0,85,63
1,98,192,181,61,1,207,0,84,191
1,98,192,181,64,1,207,0,85,63
1,98,192,181,67,1,208,0,85,191
1,98,192,181,70,1,208,0,84,191
1,98,192,181,73,1,209,0,85,191
1,98,192,181,76,1,208,0,84,191
1,98,192,181,79,1,209,0,85,191
1,98,192,181,82,1,209,0,85,191
1,98,192,181,85,1,208,0,85,191
1,98,192,181,88,1,209,0,84,191
1,98,192,181,91,1,208,0,85,63
1,98,192,181,94,1,208,0,85,191
1,98,192,181,97,1,209,0,86,191
1,98,192,181,100,1,209,0,85,63
1,98,192,181,103,1,209,0,85,63
1,98,192,181,106,1,209,0,84,191
1,98,192,181,109,1,210,0,85,191
1,98,192,181,112,1,210,0,86,191
1,98,192,181,115,1,210,0,84,191
1,98,192,181,118,1,210,0,85,63
1,98,192,181,121,1,209,0,85,191
1,98,192,181,124,1,209,0,84,191
1,98,192,181,127,1,209,0,85,191
1,98,192,181,130,1,209,0,85,191
1,98,192,181,133,1,209,0,85,63
1,98,192,181,136,1,209,0,85,63
1,98,192,181,139,1,208,0,85,191
1,98,192,181,142,1,208,0,86,63
1,98,192,181,145,1,208,0,84,191
1,98,192,181,148,1,208,0,85,63
1,98,192,181,151,1,208,0,85,63
1,98,192,181,154,1,208,0,85,63
1,98,192,181,157,1,208,0,85,191
1,98,192,181,160,1,208,0,84,191
1,98,192,181,163,1,208,0,85,191
1,98,192,181,166,1,208,0,85,63
1,98,192,181,169,1,207,0,84,191
1,98,192,181,172,1,207,0,85,63
1,98,192,181,175,1,208,0,85,191
1,98,192,181,178,1,209,0,85,63
1,98,192,181,181,1,209,0,84,191
1,98,192,181,184,1,210,0,85,191
1,98,192,181,187,1,210,0,88,63
1,98,192,181,190,1,210,0,85,63
1,98,192,181,193,1,210,0,84,191
1,98,192,181,196,1,210,0,85,191
1,98,192,181,199,1,210,0,85,191
1,98,192,181,202,1,210,0,86,191
1,98,192,181,205,1,210,0,84,191
1,98,192,181,208,1,209,0,85,63
1,98,192,181,211,1,209,0,85,191
1,98,192,181,214,1,208,0,85,63
1,98,192,181,217,1,209,0,86,63
1,98,192,181,220,1,210,0,85,191
1,98,192,181,223,1,211,0,84,191
1,98,192,181,226,1,211,0,85,63
1,98,192,181,229,1,210,0,84,191
1,98,192,181,232,1,210,0,85,191
1,98,192,181,235,1,210,0,84,191
1,98,192,181,238,1,210,0,85,63
1,98,192,181,241,1,210,0,85,191
1,98,192,181,244,1,210,0,85,63
1,98,192,181,247,1,210,0,84,191
1,98,192,181,250,1,209,0,85,63
1,98,192,181,253,1,209,0,85,63
1,98,192,182,0,1,209,0,85,191
1,98,192,182,3,1,209,0,84,191
1,98,192,182,6,1,210,0,87,63
1,98,192,182,9,1,209,0,85,63
1,98,192,182,12,1,209,0,84,191
1,98,192,182,15,1,209,0,85,191
1,98,192,182,18,1,209,0,85,63
1,98,192,182,21,1,209,0,85,191
1,98,192,182,24,1,210,0,85,191
1,98,192,182,27,1,210,0,85,191
1,98,192,182,30,1,211,0,84,191
1,98,192,182,33,1,211,0,85,63
1,98,192,182,36,1,211,0,86,63
1,98,192,182,39,1,211,0,84,190
1,98,192,182,42,1,211,0,84,190
1,98,192,182,45,1,211,0,87,62
1,98,192,182,48,1,212,0,85,190
1,98,192,182,51,1,211,0,85,190
1,98,192,182,54,1,212,0,85,62
1,98,192,182,57,1,212,0,84,190
1,98,192,182,60,1,212,0,84,190
1,98,192,182,63,1,212,0,85,190
1,98,192,182,66,1,212,0,85,190
1,98,192,182,69,1,213,0,84,190
1,98,192,182,72,1,213,0,85,62
1,98,192,182,75,1,213,0,85,62
1,98,192,182,78,1,213,0,84,190
1,98,192,182,81,1,214,0,85,190
1,98,192,182,84,1,214,0,85,62
1,98,192,182,87,1,214,0,84,190
1,98,192,182,90,1,214,0,85,190
1,98,192,182,93,1,214,0,84,190
1,98,192,182,96,1,214,0,85,62
1,98,192,182,99,1,215,0,85,62
1,98,192,182,102,1,215,0,85,190
1,98,192,182,105,1,215,0,85,62
1,98,192,182,108,1,214,0,84,190
1,98,192,182,111,1,215,0,85,62
1,98,192,182,114,1,215,0,85,190
1,98,192,182,117,1,215,0,85,62
1,98,192,182,120,1,215,0,86,190
1,98,192,182,123,1,216,0,85,62
1,98,192,182,126,1,216,0,85,190
1,98,192,182,129,1,218,0,85,62
1,98,192,182,132,1,218,0,85,190
1,98,192,182,135,1,218,0,87,62
1,98,192,182,138,1,218,0,84,190
1,98,192,182,141,1,219,0,85,190
1,98,192,182,144,1,218,0,85,62
1,98,192,182,147,1,219,0,85,62
1,98,192,182,150,1,218,0,84,190
1,98,192,182,153,1,218,0,85,62
1,98,192,182,156,1,218,0,84,190
1,98,192,182,159,1,219,0,84,190
1,98,192,182,162,1,220,0,85,190
1,98,192,182,165,1,221,0,86,190
1,98,192,182,168,1,222,0,85,62
1,98,192,182,171,1,222,0,85,190
1,98,192,182,174,1,223,0,84,190
1,98,192,182,177,1,223,0,84,190
1,98,192,182,180,1,223,0,87,190
1,98,192,182,183,1,223,0,85,62
1,98,192,182,186,1,224,0,84,190
1,98,192,182,189,1,225,0,84,190
1,98,192,182,192,1,226,0,85,190
1,98,192,182,195,1,227,0,86,190
1,98,192,182,198,1,226,0,85,62
1,98,192,182,201,1,226,0,85,62
1,98,192,182,204,1,226,0,84,190
1,98,192,182,207,1,227,0,85,190
1,98,192,182,210,1,227,0,87,62
1,98,192,182,213,1,225,0,84,190
1,98,192,182,216,1,226,0,85,190
1,98,192,182,219,1,225,0,84,190
1,98,192,182,222,1,226,0,84,190
1,98,192,182,225,1,227,0,87,190
1,98,192,182,228,1,229,0,85,62
1,98,192,182,231,1,229,0,84,190
1,98,192,182,234,1,228,0,85,62
1,98,192,182,237,1,228,0,84,190
1,98,192,182,240,1,228,0,87,190
1,98,192,182,243,1,226,0,85,62
1,98,192,182,246,1,226,0,84,190
1,98,192,182,249,1,226,0,85,62
1,98,192,182,252,1,226,0,84,190
1,98,192,182,255,1,227,0,86,190
1,98,192,183,2,1,227,0,85,62
1,98,192,183,5,1,228,0,85,62
1,98,192,183,8,1,229,0,84,190
1,98,192,183,11,1,229,0,84,190
1,98,192,183,14,1,230,0,88,62
1,98,192,183,17,1,231,0,84,190
1,98,192,183,20,1,230,0,85,62
1,98,192,183,23,1,230,0,85,62
1,98,192,183,26,1,229,0,84,190
1,98,192,183,29,1,229,0,87,62
1,98,192,183,32,1,230,0,84,190
1,98,192,183,35,1,230,0,84,190
1,98,192,183,38,1,230,0,85,62
1,98,192,183,41,1,231,0,85,190
1,98,192,183,44,1,232,0,86,190
1,98,192,183,47,1,232,0,85,62
1,98,192,183,50,1,231,0,84,190
1,98,192,183,53,1,232,0,85,62
1,98,192,183,56,1,233,0,85,190
1,98,192,183,59,1,232,0,86,62
1,98,192,183,62,1,232,0,85,62
1,98,192,183,65,1,232,0,85,190
1,98,192,183,68,1,231,0,84,190
1,98,192,183,71,1,232,0,85,62
1,98,192,183,74,1,233,0,86,190
1,98,192,183,77,1,233,0,84,190
1,98,192,183,80,1,234,0,85,190
1,98,192,183,83,1,234,0,84,190
1,98,192,183,86,1,234,0,85,62
1,98,192,183,89,1,234,0,87,190
1,98,192,183,92,1,235,0,85,190
1,98,192,183,95,1,235,0,84,190
1,98,192,183,98,1,235,0,85,62
1,98,192,183,101,1,235,0,85,190
1,98,192,183,104,1,235,0,87,190
1,98,192,183,107,1,235,0,84,190
1,98,192,183,110,1,235,0,84,190
1,98,192,183,113,1,235,0,84,190
1,98,192,183,116,1,235,0,85,62
1,98,192,183,119,1,235,0,86,62
1,98,192,183,122,1,236,0,85,62
1,98,192,183,125,1,237,0,85,190
1,98,192,183,128,1,236,0,85,62
1,98,192,183,131,1,237,0,84,190
1,98,192,183,134,1,237,0,86,62
1,98,192,183,137,1,238,0,85,62
1,98,192,183,140,1,238,0,84,190
1,98,192,183,143,1,238,0,85,62
1,98,192,183,146,1,239,0,84,190
1,98,192,183,149,1,240,0,84,190
1,98,192,183,152,1,241,0,85,62
1,98,192,183,155,1,241,0,85,62
1,98,192,183,158,1,242,0,85,62
1,98,192,183,161,1,242,0,85,190
1,98,192,183,164,1,242,0,85,62
1,98,192,183,167,1,243,0,84,190
1,98,192,183,170,1,243,0,85,62
1,98,192,183,173,1,243,0,85,62
1,98,192,183,176,1,242,0,84,190
1,98,192,183,179,1,243,0,84,190
1,98,192,183,182,1,243,0,85,62
1,98,192,183,185,1,244,0,85,62
1,98,192,183,188,1,244,0,86,190
1,98,192,183,191,1,245,0,85,190
1,98,192,183,194,1,245,0,85,62
1,98,192,183,197,1,246,0,84,190
1,98,192,183,200,1,247,0,85,62
1,98,192,183,203,1,246,0,87,62
1,98,192,183,206,1,246,0,84,190
1,98,192,183,209,1,246,0,85,62
1,98,192,183,212,1,246,0,85,190
1,98,192,183,215,1,246,0,84,190
1,98,192,183,218,1,246,0,87,62
1,98,192,183,221,1,247,0,85,62
1,98,192,183,224,1,247,0,84,190
1,98,192,183,227,1,247,0,84,190
1,98,192,183,230,1,247,0,85,190
1,98,192,183,233,1,248,0,87,190
1,98,192,183,236,1,248,0,84,190
1,98,192,183,239,1,248,0,84,190
1,98,192,183,242,1,247,0,85,190
1,98,192,183,245,1,248,0,85,190
1,98,192,183,248,1,247,0,87,62
1,98,192,183,251,1,248,0,84,190
1,98,192,183,254,1,247,0,85,62
1,98,192,184,1,1,247,0,85,62
1,98,192,184,4,1,248,0,84,190
1,98,192,184,7,1,248,0,87,62
1,98,192,184,10,1,247,0,85,190
1,98,192,184,13,1,248,0,85,62
1,98,192,184,16,1,248,0,85,62
1,98,192,184,19,1,249,0,85,190
1,98,192,184,22,1,249,0,87,190
1,98,192,184,25,1,250,0,85,62
1,98,192,184,28,1,250,0,85,190
1,98,192,184,31,1,250,0,84,190
1,98,192,184,34,1,249,0,85,62
1,98,192,184,37,1,250,0,88,62
1,98,192,184,40,1,250,0,85,190
1,98,192,184,43,1,250,0,85,190
1,98,192,184,46,1,249,0,84,190
1,98,192,184,49,1,249,0,85,62
1,98,192,184,52,1,249,0,87,62
1,98,192,184,55,1,248,0,85,62
1,98,192,184,58,1,249,0,84,190
1,98,192,184,61,1,249,0,84,190
1,98,192,184,64,1,248,0,85,190
1,98,192,184,67,1,248,0,87,62
1,98,192,184,70,1,247,0,85,190
1,98,192,184,73,1,246,0,85,190
1,98,192,184,76,1,246,0,84,190
1,98,192,184,79,1,245,0,84,190
1,98,192,184,82,1,244,0,88,62
1,98,192,184,85,1,244,0,85,62
1,98,192,184,88,1,244,0,85,62
1,98,192,184,91,1,244,0,84,190
1,98,192,184,94,1,244,0,85,62
1,98,192,184,97,1,244,0,88,62
1,98,192,184,100,1,244,0,84,190
1,98,192,184,103,1,244,0,84,190
1,98,192,184,106,1,244,0,85,62
1,98,192,184,109,1,244,0,85,190
1,98,192,184,112,1,244,0,87,190
1,98,192,184,115,1,245,0,84,190
1,98,192,184,118,1,247,0,85,62
1,98,192,184,121,1,246,0,85,62
1,98,192,184,124,1,245,0,85,62
1,98,192,184,127,1,245,0,87,62
1,98,192,184,130,1,246,0,85,62
1,98,192,184,133,1,247,0,85,62
1,98,192,184,136,1,247,0,84,190
1,98,192,184,139,1,247,0,85,62
1,98,192,184,142,1,247,0,87,191
1,98,192,184,145,1,247,0,85,63
1,98,192,184,148,1,247,0,84,191
1,98,192,184,151,1,247,0,84,191
1,98,192,184,154,1,247,0,84,191
1,98,192,184,157,1,247,0,87,191
1,98,192,184,160,1,246,0,85,63
1,98,192,184,163,1,246,0,84,191
1,98,192,184,166,1,246,0,85,63
1,98,192,184,169,1,246,0,85,191
1,98,192,184,172,1,247,0,86,191
1,98,192,184,175,1,246,0,85,191
1,98,192,184,178,1,247,0,85,63
1,98,192,184,181,1,247,0,84,191
1,98,192,184,184,1,247,0,85,63
1,98,192,184,187,1,247,0,87,63
1,98,192,184,190,1,247,0,84,191
1,98,192,184,193,1,248,0,85,63
1,98,192,184,196,1,248,0,85,63
1,98,192,184,199,1,249,0,85,191
1,98,192,184,202,1,249,0,85,191
1,98,192,184,205,1,249,0,84,191
1,98,192,184,208,1,249,0,85,191
1,98,192,184,211,1,249,0,84,191
1,98,192,184,214,1,251,0,84,191
1,98,192,184,217,1,251,0,85,191
1,98,192,184,220,1,251,0,85,191
1,98,192,184,223,1,251,0,84,191
1,98,192,184,226,1,251,0,85,191
1,98,192,184,229,1,252,0,85,191
1,98,192,184,232,1,252,0,87,191
1,98,192,184,235,1,251,0,84,191
1,98,192,184,238,1,251,0,85,191
1,98,192,184,241,1,252,0,84,191
1,98,192,184,244,1,252,0,84,191
1,98,192,184,247,1,253,0,87,191
1,98,192,184,250,1,253,0,84,191
1,98,192,184,253,1,253,0,85,191
1,98,192,185,0,1,253,0,84,191
1,98,192,185,3,1,254,0,85,63
1,98,192,185,6,1,254,0,86,191
1,98,192,185,9,1,255,0,84,191
1,98,192,185,12,1,255,0,85,63
1,98,192,185,15,1,255,0,85,191
1,98,192,185,18,1,255,0,84,191
1,98,192,185,21,2,0,0,86,63
1,98,192,185,24,2,0,0,84,191
1,98,192,185,27,2,0,0,85,63
1,98,192,185,30,2,0,0,85,63
1,98,192,185,33,2,0,0,85,191
1,98,192,185,36,2,0,0,85,191
1,98,192,185,39,2,0,0,85,191
1,98,192,185,42,2,1,0,84,191
1,98,192,185,45,2,0,0,84,191
1,98,192,185,48,2,0,0,85,191
1,98,192,185,51,2,0,0,84,191
1,98,192,185,54,2,0,0,85,191
1,98,192,185,57,2,1,0,85,63
1,98,192,185,60,2,1,0,84,191
1,98,192,185,63,2,1,0,85,191
1,98,192,185,66,2,1,0,85,63
1,98,192,185,69,2,2,0,84,191
1,98,192,185,72,2,2,0,85,191
1,98,192,185,75,2,2,0,85,63
1,98,192,185,78,2,3,0,85,191
1,98,192,185,81,2,3,0,86,63
1,98,192,185,84,2,4,0,85,63
1,98,192,185,87,2,5,0,84,191
1,98,192,185,90,2,5,0,85,191
1,98,192,185,93,2,5,0,85,191
1,98,192,185,96,2,5,0,85,63
1,98,192,185,99,2,5,0,85,63
1,98,192,185,102,2,5,0,84,191
1,98,192,185,105,2,6,0,87,191
1,98,192,185,108,2,7,0,84,191
1,98,192,185,111,2,7,0,85,63
1,98,192,185,114,2,7,0,85,63
1,98,192,185,117,2,7,0,85,63
1,98,192,185,120,2,8,0,87,191
1,98,192,185,123,2,11,0,85,63
1,98,192,185,126,2,11,0,85,63
1,98,192,185,129,2,12,0,85,191
1,98,192,185,132,2,12,0,85,191
1,98,192,185,135,2,13,0,85,63
1,98,192,185,138,2,14,0,84,191
1,98,192,185,141,2,14,0,85,191
1,98,192,185,144,2,16,0,85,63
1,98,192,185,147,2,17,0,85,191
1,98,192,185,150,2,18,0,86,191
1,98,192,185,153,2,20,0,84,191
1,98,192,185,156,2,20,0,85,191
1,98,192,185,159,2,22,0,85,191
1,98,192,185,162,2,23,0,85,63
1,98,192,185,165,2,24,0,86,191
1,98,192,185,168,2,25,0,85,191
1,98,192,185,171,2,27,0,85,63
1,98,192,185,174,2,27,0,84,191
1,98,192,185,177,2,28,0,85,63
1,98,192,185,180,2,28,0,87,191
1,98,192,185,183,2,29,0,85,63
1,98,192,185,186,2,29,0,84,191
1,98,192,185,189,2,29,0,85,191
1,98,192,185,192,2,30,0,85,63
1,98,192,185,195,2,29,0,87,63
1,98,192,185,198,2,29,0,85,191
1,98,192,185,201,2,31,0,85,191
1,98,192,185,204,2,31,0,84,191
1,98,192,185,207,2,31,0,84,191
1,98,192,185,210,2,31,0,88,63
1,98,192,185,213,2,31,0,85,63
1,98,192,185,216,2,32,0,85,63
1,98,192,185,219,2,31,0,85,63
1,98,192,185,222,2,31,0,85,191
1,98,192,185,225,2,31,0,87,191
1,98,192,185,228,2,31,0,85,191
1,98,192,185,231,2,31,0,84,191
1,98,192,185,234,2,30,0,85,191
1,98,192,185,237,2,29,0,85,191
1,98,192,185,240,2,30,0,87,63
1,98,192,185,243,2,31,0,85,63
1,98,192,185,246,2,30,0,84,191
1,98,192,185,249,2,30,0,85,191
1,98,192,185,252,2,30,0,85,63
1,98,192,185,255,2,30,0,86,191
1,98,192,186,2,2,29,0,84,191
1,98,192,186,5,2,29,0,85,63
1,98,192,186,8,2,29,0,85,191
1,98,192,186,11,2,29,0,85,63
1,98,192,186,14,2,28,0,87,191
1,98,192,186,17,2,29,0,85,63
1,98,192,186,20,2,29,0,85,63
1,98,192,186,23,2,29,0,84,191
1,98,192,186,26,2,30,0,85,191
1,98,192,186,29,2,29,0,87,63
1,98,192,186,32,2,29,0,85,191
1,98,192,186,35,2,29,0,85,63
1,98,192,186,38,2,28,0,85,191
1,98,192,186,41,2,28,0,85,63
1,98,192,186,44,2,27,0,86,191
1,98,192,186,47,2,26,0,85,191
1,98,192,186,50,2,27,0,85,63
1,98,192,186,53,2,27,0,85,63
1,98,192,186,56,2,27,0,84,191
1,98,192,186,59,2,26,0,87,63
1,98,192,186,62,2,24,0,85,191
1,98,192,186,65,2,23,0,85,191
1,98,192,186,68,2,23,0,85,63
1,98,192,186,71,2,23,0,84,191
1,98,192,186,74,2,22,0,88,63
1,98,192,186,77,2,22,0,85,63
1,98,192,186,80,2,21,0,85,63
1,98,192,186,83,2,21,0,85,191
1,98,192,186,86,2,20,0,84,191
1,98,192,186,89,2,19,0,87,63
1,98,192,186,92,2,18,0,85,191
1,98,192,186,95,2,19,0,85,63
1,98,192,186,98,2,19,0,85,63
1,98,192,186,101,2,18,0,84,191
1,98,192,186,104,2,18,0,88,191
1,98,192,186,107,2,19,0,84,191
1,98,192,186,110,2,18,0,85,62
1,98,192,186,113,2,17,0,85,62
1,98,192,186,116,2,17,0,84,190
1,98,192,186,119,2,17,0,88,62
1,98,192,186,122,2,16,0,85,62
1,98,192,186,125,2,16,0,85,62
1,98,192,186,128,2,15,0,85,62
1,98,192,186,131,2,15,0,84,190
1,98,192,186,134,2,14,0,87,190
1,98,192,186,137,2,13,0,85,190
1,98,192,186,140,2,13,0,85,62
1,98,192,186,143,2,13,0,84,190
1,98,192,186,146,2,12,0,85,62
1,98,192,186,149,2,12,0,87,190
1,98,192,186,152,2,12,0,85,62
1,98,192,186,155,2,11,0,84,190
1,98,192,186,158,2,11,0,85,62
1,98,192,186,161,2,12,0,85,62
1,98,192,186,164,2,11,0,85,62
1,98,192,186,167,2,10,0,84,190
1,98,192,186,170,2,11,0,84,190
1,98,192,186,173,2,11,0,85,62
1,98,192,186,176,2,10,0,85,62
1,98,192,186,179,2,9,0,87,62
1,98,192,186,182,2,10,0,85,62
1,98,192,186,185,2,10,0,85,62
1,98,192,186,188,2,10,0,85,62
1,98,192,186,191,2,11,0,85,62
1,98,192,186,194,2,11,0,87,62
1,98,192,186,197,2,10,0,84,190
1,98,192,186,200,2,10,0,85,190
1,98,192,186,203,2,10,0,85,62
1,98,192,186,206,2,10,0,84,190
1,98,192,186,209,2,10,0,87,190
1,98,192,186,212,2,10,0,84,190
1,98,192,186,215,2,10,0,85,190
1,98,192,186,218,2,11,0,84,190
1,98,192,186,221,2,11,0,84,190
1,98,192,186,224,2,10,0,87,190
1,98,192,186,227,2,10,0,84,190
1,98,192,186,230,2,11,0,84,190
1,98,192,186,233,2,11,0,85,62
1,98,192,186,236,2,11,0,85,62
1,98,192,186,239,2,11,0,86,190
1,98,192,186,242,2,11,0,84,190
1,98,192,186,245,2,11,0,85,62
1,98,192,186,248,2,11,0,85,62
1,98,192,186,251,2,11,0,85,62
1,98,192,186,254,2,11,0,87,62
1,98,192,187,1,2,12,0,85,62
1,98,192,187,4,2,11,0,84,190
1,98,192,187,7,2,10,0,85,62
1,98,192,187,10,2,10,0,85,62
1,98,192,187,13,2,10,0,87,190
1,98,192,187,16,2,10,0,85,190
1,98,192,187,19,2,10,0,84,190
1,98,192,187,22,2,10,0,84,190
1,98,192,187,25,2,10,0,85,190
1,98,192,187,28,2,11,0,87,62
1,98,192,187,31,2,11,0,85,62
1,98,192,187,34,2,11,0,84,190
1,98,192,187,37,2,12,0,85,62
1,98,192,187,40,2,12,0,85,62
1,98,192,187,43,2,12,0,86,190
1,98,192,187,46,2,12,0,85,62
1,98,192,187,49,2,12,0,84,190
1,98,192,187,52,2,11,0,85,62
1,98,192,187,55,2,11,0,84,190
1,98,192,187,58,2,11,0,86,190
1,98,192,187,61,2,11,0,85,190
1,98,192,187,64,2,11,0,85,62
1,98,192,187,67,2,10,0,84,190
1,98,192,187,70,2,10,0,85,62
1,98,192,187,73,2,11,0,86,62
1,98,192,187,76,2,10,0,84,190
1,98,192,187,79,2,10,0,84,190
1,98,192,187,82,2,10,0,85,62
1,98,192,187,85,2,10,0,85,62
1,98,192,187,88,2,10,0,87,62
1,98,192,187,91,2,11,0,84,190
1,98,192,187,94,2,11,0,85,190
1,98,192,187,97,2,10,0,84,190
1,98,192,187,100,2,9,0,84,190
1,98,192,187,103,2,9,0,87,190
1,98,192,187,106,2,9,0,85,62
1,98,192,187,109,2,9,0,84,190
1,98,192,187,112,2,9,0,85,62
1,98,192,187,115,2,9,0,85,62
1,98,192,187,118,2,9,0,86,190
1,98,192,187,121,2,8,0,85,62
1,98,192,187,124,2,7,0,85,62
1,98,192,187,127,2,7,0,84,62
1,98,192,187,130,2,7,0,84,190
1,98,192,187,133,2,7,0,87,62
1,98,192,187,136,2,6,0,84,190
1,98,192,187,139,2,6,0,84,190
1,98,192,187,142,2,6,0,85,62
1,98,192,187,145,2,5,0,85,190
1,98,192,187,148,2,6,0,85,190
1,98,192,187,151,2,5,0,84,190
1,98,192,187,154,2,6,0,85,190
1,98,192,187,157,2,6,0,84,190
1,98,192,187,160,2,6,0,84,190
1,98,192,187,163,2,6,0,86,62
1,98,192,187,166,2,6,0,85,62
1,98,192,187,169,2,6,0,85,62
1,98,192,187,172,2,6,0,84,190
1,98,192,187,175,2,6,0,85,62
1,98,192,187,178,2,5,0,85,190
1,98,192,187,181,2,5,0,84,190
1,98,192,187,184,2,6,0,84,190
1,98,192,187,187,2,5,0,84,190
1,98,192,187,190,2,5,0,85,190
1,98,192,187,193,2,5,0,87,62
1,98,192,187,196,2,5,0,84,190
1,98,192,187,199,2,5,0,85,62
1,98,192,187,202,2,5,0,85,62
1,98,192,187,205,2,5,0,84,190
1,98,192,187,208,2,5,0,86,190
1,98,192,187,211,2,5,0,85,62
1,98,192,187,214,2,4,0,85,62
1,98,192,187,217,2,4,0,84,190
1,98,192,187,220,2,5,0,85,62
1,98,192,187,223,2,4,0,85,62
1,98,192,187,226,2,4,0,85,62
1,98,192,187,229,2,4,0,84,190
1,98,192,187,232,2,4,0,85,190
1,98,192,187,235,2,1,0,85,62
1,98,192,187,238,2,2,0,85,190
1,98,192,187,241,2,1,0,84,190
1,98,192,187,244,2,1,0,84,190
1,98,192,187,247,2,1,0,84,190
1,98,192,187,250,2,0,0,85,62
1,98,192,187,253,2,1,0,85,190
1,98,192,188,0,2,1,0,85,62
1,98,192,188,3,2,1,0,84,190
1,98,192,188,6,2,1,0,84,190
1,98,192,188,9,2,2,0,85,62
1,98,192,188,12,2,2,0,87,62
1,98,192,188,15,2,2,0,84,190
1,98,192,188,18,2,2,0,85,62
1,98,192,188,21,2,3,0,85,62
1,98,192,188,24,2,3,0,84,190
1,98,192,188,27,2,2,0,87,62
1,98,192,188,30,2,2,0,85,62
1,98,192,188,33,2,3,0,84,190
1,98,192,188,36,2,3,0,85,62
1,98,192,188,39,2,3,0,85,190
1,98,192,188,42,2,2,0,86,62
1,98,192,188,45,2,2,0,85,62
1,98,192,188,48,2,2,0,85,62
1,98,192,188,51,2,2,0,85,190
1,98,192,188,54,2,2,0,84,190
1,98,192,188,57,2,2,0,85,190
1,98,192,188,60,2,1,0,85,62
1,98,192,188,63,2,0,0,85,62
1,98,192,188,66,2,0,0,84,190
1,98,192,188,69,2,1,0,85,62
1,98,192,188,72,2,1,0,85,190
1,98,192,188,75,2,1,0,84,190
1,98,192,188,78,2,1,0,85,190
1,98,192,188,81,2,1,0,84,190
1,98,192,188,84,2,0,0,84,190
1,98,192,188,87,1,255,0,85,62
1,98,192,188,90,2,0,0,85,190
1,98,192,188,93,2,0,0,84,190
1,98,192,188,96,2,0,0,84,190
1,98,192,188,99,2,0,0,85,62
1,98,192,188,102,2,1,0,85,190
1,98,192,188,105,2,0,0,84,190
1,98,192,188,108,1,255,0,84,190
1,98,192,188,111,2,0,0,84,190
1,98,192,188,114,2,0,0,85,190
1,98,192,188,117,2,0,0,86,62
1,98,192,188,120,2,0,0,84,190
1,98,192,188,123,2,0,0,85,62
1,98,192,188,126,2,0,0,84,190
1,98,192,188,129,2,0,0,85,62
1,98,192,188,132,2,1,0,86,62
1,98,192,188,135,2,0,0,85,62
1,98,192,188,138,2,1,0,84,190
1,98,192,188,141,2,1,0,85,62
1,98,192,188,144,2,1,0,85,190
1,98,192,188,147,2,1,0,85,190
1,98,192,188,150,2,2,0,84,190
1,98,192,188,153,2,1,0,85,190
1,98,192,192,152,2,2,0,87,62
1,98,192,188,219,2,8,0,80,62
1,98,192,188,222,2,8,0,83,190
1,98,192,188,225,2,8,0,84,190
1,98,192,188,228,2,9,0,85,62
1,98,192,188,231,2,9,0,84,190
1,98,192,188,234,2,9,0,84,190
1,98,192,188,237,2,9,0,85,190
1,98,192,188,240,2,10,0,85,62
1,98,192,188,243,2,10,0,84,190
1,98,192,188,246,2,11,0,85,62
1,98,192,188,249,2,12,0,85,190
1,98,192,188,252,2,12,0,85,62
1,98,192,188,255,2,13,0,84,190
1,98,192,189,2,2,12,0,85,190
1,98,192,189,5,2,13,0,85,62
1,98,192,189,8,2,13,0,84,190
1,98,192,189,11,2,14,0,85,190
1,98,192,189,14,2,14,0,85,190
1,98,192,189,17,2,14,0,85,63
1,98,192,189,20,2,14,0,87,63
1,98,192,189,23,2,14,0,85,63
1,98,192,189,26,2,14,0,84,191
1,98,192,189,29,2,15,0,85,63
1,98,192,189,32,2,14,0,85,191
1,98,192,189,35,2,14,0,87,191
1,98,192,189,38,2,15,0,85,63
1,98,192,189,41,2,16,0,84,191
1,98,192,189,44,2,17,0,85,63
1,98,192,189,47,2,17,0,84,191
1,98,192,189,50,2,17,0,85,63
1,98,192,189,53,2,17,0,85,191
1,98,192,189,56,2,17,0,84,191
1,98,192,189,59,2,18,0,85,191
1,98,192,189,62,2,18,0,84,191
1,98,192,189,65,2,18,0,85,63
1,98,192,189,68,2,19,0,85,191
1,98,192,189,71,2,19,0,85,63
1,98,192,189,74,2,20,0,84,191
1,98,192,189,77,2,20,0,85,191
1,98,192,189,80,2,21,0,85,63
1,98,192,189,83,2,20,0,85,63
1,98,192,189,86,2,19,0,86,63
1,98,192,189,89,2,19,0,85,191
1,98,192,189,92,2,19,0,84,191
1,98,192,189,95,2,18,0,85,63
1,98,192,189,98,2,18,0,85,191
1,98,192,189,101,2,18,0,85,191
1,98,192,189,104,2,18,0,84,191
1,98,192,189,107,2,18,0,85,191
1,98,192,189,110,2,18,0,85,63
1,98,192,189,113,2,18,0,84,191
1,98,192,189,116,2,19,0,85,63
1,98,192,189,119,2,19,0,85,191
1,98,192,189,122,2,18,0,84,191
1,98,192,189,125,2,18,0,85,63
1,98,192,189,128,2,19,0,85,191
1,98,192,189,131,2,19,0,84,191
1,98,192,189,134,2,20,0,85,63
1,98,192,189,137,2,19,0,84,191
1,98,192,189,140,2,19,0,85,63
1,98,192,189,143,2,20,0,85,191
1,98,192,189,146,2,20,0,85,63
1,98,192,189,149,2,20,0,84,191
1,98,192,189,152,2,20,0,85,191
1,98,192,189,155,2,20,0,85,63
1,98,192,189,158,2,21,0,84,191
1,98,192,189,161,2,20,0,85,63
1,98,192,189,164,2,20,0,85,191
1,98,192,189,167,2,20,0,84,191
1,98,192,189,170,2,19,0,85,63
1,98,192,189,173,2,19,0,85,63
1,98,192,189,176,2,19,0,86,191
1,98,192,189,179,2,19,0,85,191
1,98,192,189,182,2,19,0,85,63
1,98,192,189,185,2,19,0,85,63
1,98,192,189,188,2,20,0,85,191
1,98,192,189,191,2,20,0,86,63
1,98,192,189,194,2,19,0,85,63
1,98,192,189,197,2,20,0,85,191
1,98,192,189,200,2,20,0,84,191
1,98,192,189,203,2,19,0,85,63
1,98,192,189,206,2,19,0,86,191
1,98,192,189,209,2,19,0,84,191
1,98,192,189,212,2,20,0,85,63
1,98,192,189,215,2,20,0,85,191
1,98,192,189,218,2,20,0,84,191
1,98,192,189,221,2,20,0,85,191
1,98,192,189,224,2,20,0,85,191
1,98,192,189,227,2,21,0,85,63
1,98,192,189,230,2,21,0,84,191
1,98,192,189,233,2,21,0,85,191
1,98,192,189,236,2,21,0,86,63
1,98,192,189,239,2,22,0,85,191
1,98,192,189,242,2,22,0,84,191
1,98,192,189,245,2,22,0,85,63
1,98,192,189,248,2,21,0,85,191
1,98,192,189,251,2,20,0,85,191
1,98,192,189,254,2,19,0,84,191
1,98,192,190,1,2,18,0,85,191
1,98,192,190,4,2,18,0,84,191
1,98,192,190,7,2,20,0,85,63
1,98,192,190,10,2,20,0,87,191
1,98,192,190,13,2,20,0,85,63
1,98,192,190,16,2,20,0,84,191
1,98,192,190,19,2,20,0,85,63
1,98,192,190,22,2,21,0,85,63
1,98,192,190,25,2,21,0,87,191
1,98,192,190,28,2,20,0,85,191
1,98,192,190,31,2,21,0,85,63
1,98,192,190,34,2,20,0,84,191
1,98,192,190,37,2,20,0,84,191
1,98,192,190,40,2,20,0,87,191
1,98,192,190,43,2,21,0,85,191
1,98,192,190,46,2,21,0,85,63
1,98,192,190,49,2,21,0,84,191
1,98,192,190,52,2,21,0,85,191
1,98,192,190,55,2,21,0,87,63
1,98,192,190,58,2,22,0,84,191
1,98,192,190,61,2,22,0,85,191
1,98,192,190,64,2,22,0,85,63
1,98,192,190,67,2,22,0,84,191
1,98,192,190,70,2,23,0,87,191
1,98,192,190,73,2,23,0,85,63
1,98,192,190,76,2,23,0,84,191
1,98,192,190,79,2,24,0,85,191
1,98,192,190,82,2,22,0,84,191
1,98,192,190,85,2,22,0,87,191
1,98,192,190,88,2,21,0,85,191
1,98,192,190,91,2,21,0,84,191
1,98,192,190,94,2,21,0,84,191
1,98,192,190,97,2,22,0,84,191
1,98,192,190,100,2,21,0,86,191
1,98,192,190,103,2,22,0,85,63
1,98,192,190,106,2,22,0,85,191
1,98,192,190,109,2,23,0,84,191
1,98,192,190,112,2,24,0,85,63
1,98,192,190,115,2,23,0,87,63
1,98,192,190,118,2,23,0,84,191
1,98,192,190,121,2,23,0,85,191
1,98,192,190,124,2,23,0,85,63
1,98,192,190,127,2,23,0,85,63
1,98,192,190,130,2,23,0,88,63
1,98,192,190,133,2,23,0,84,191
1,98,192,190,136,2,23,0,85,63
1,98,192,190,139,2,23,0,85,63
1,98,192,190,142,2,23,0,85,191
1,98,192,190,145,2,24,0,87,63
1,98,192,190,148,2,23,0,85,191
1,98,192,190,151,2,24,0,84,191
1,98,192,190,154,2,24,0,85,63
1,98,192,190,157,2,26,0,85,191
1,98,192,190,160,2,25,0,86,191
1,98,192,190,163,2,25,0,85,191
1,98,192,190,166,2,25,0,84,191
1,98,192,190,169,2,26,0,85,63
1,98,192,190,172,2,26,0,84,191
1,98,192,190,175,2,26,0,87,191
1,98,192,190,178,2,26,0,84,191
1,98,192,190,181,2,26,0,85,63
1,98,192,190,184,2,26,0,85,191
1,98,192,190,187,2,26,0,85,63
1,98,192,190,190,2,26,0,87,63
1,98,192,190,193,2,27,0,85,63
1,98,192,190,196,2,27,0,84,191
1,98,192,190,199,2,27,0,85,63
1,98,192,190,202,2,27,0,85,191
1,98,192,190,205,2,27,0,87,63
1,98,192,190,208,2,26,0,84,191
1,98,192,190,211,2,26,0,85,191
1,98,192,190,214,2,26,0,85,63
1,98,192,190,217,2,25,0,84,191
1,98,192,190,220,2,25,0,88,63
1,98,192,190,223,2,25,0,85,191
1,98,192,190,226,2,26,0,84,191
1,98,192,190,229,2,26,0,85,63
1,98,192,190,232,2,26,0,85,191
1,98,192,190,235,2,26,0,87,191
1,98,192,190,238,2,27,0,84,191
1,98,192,190,241,2,27,0,84,191
1,98,192,190,244,2,26,0,85,63
1,98,192,190,247,2,26,0,85,63
1,98,192,190,250,2,26,0,87,63
1,98,192,190,253,2,26,0,85,63
1,98,192,191,0,2,26,0,84,191
1,98,192,191,3,2,25,0,85,63
1,98,192,191,6,2,25,0,85,191
1,98,192,191,9,2,26,0,88,63
1,98,192,191,12,2,26,0,85,63
1,98,192,191,15,2,26,0,85,63
1,98,192,191,18,2,26,0,84,191
1,98,192,191,21,2,27,0,85,191
1,98,192,191,24,2,28,0,87,63
1,98,192,191,27,2,28,0,85,191
1,98,192,191,30,2,28,0,85,63
1,98,192,191,33,2,28,0,84,191
1,98,192,191,36,2,29,0,85,191
1,98,192,191,39,2,30,0,87,63
1,98,192,191,42,2,28,0,84,191
1,98,192,191,45,2,28,0,85,191
1,98,192,191,48,2,28,0,84,191
1,98,192,191,51,2,28,0,85,63
1,98,192,191,54,2,28,0,87,191
1,98,192,191,57,2,27,0,84,191
1,98,192,191,60,2,27,0,85,63
1,98,192,191,63,2,28,0,85,191
1,98,192,191,66,2,28,0,85,63
1,98,192,191,69,2,27,0,87,63
1,98,192,191,72,2,27,0,84,191
1,98,192,191,75,2,27,0,85,191
1,98,192,191,78,2,27,0,85,63
1,98,192,191,81,2,27,0,85,63
1,98,192,191,84,2,27,0,87,191
1,98,192,191,87,2,26,0,85,191
1,98,192,191,90,2,26,0,84,191
1,98,192,191,93,2,26,0,85,63
1,98,192,191,96,2,26,0,85,191
1,98,192,191,99,2,26,0,87,63
1,98,192,191,102,2,26,0,85,63
1,98,192,191,105,2,26,0,85,191
1,98,192,191,108,2,26,0,85,191
1,98,192,191,111,2,26,0,84,191
1,98,192,191,114,2,25,0,87,63
1,98,192,191,117,2,25,0,85,191
1,98,192,191,120,2,24,0,84,191
1,98,192,191,123,2,26,0,85,63
1,98,192,191,126,2,26,0,84,191
1,98,192,191,129,2,26,0,88,63
1,98,192,191,132,2,26,0,85,63
1,98,192,191,135,2,26,0,85,63
1,98,192,191,138,2,24,0,85,62
1,98,192,191,141,2,23,0,84,190
1,98,192,191,144,2,23,0,87,190
1,98,192,191,147,2,22,0,85,62
1,98,192,191,150,2,22,0,84,190
1,98,192,191,153,2,22,0,85,190
1,98,192,191,156,2,22,0,84,190
1,98,192,191,159,2,21,0,87,62
1,98,192,191,162,2,20,0,85,190
1,98,192,191,165,2,20,0,84,190
1,98,192,191,168,2,19,0,85,62
1,98,192,191,171,2,20,0,85,62
1,98,192,191,174,2,20,0,86,190
1,98,192,191,177,2,19,0,85,62
1,98,192,191,180,2,19,0,85,62
1,98,192,191,183,2,18,0,84,190
1,98,192,191,186,2,18,0,85,62
1,98,192,191,189,2,18,0,87,190
1,98,192,191,192,2,19,0,84,190
1,98,192,191,195,2,19,0,85,190
1,98,192,191,198,2,18,0,84,190
1,98,192,191,201,2,19,0,84,190
1,98,192,191,204,2,18,0,87,62
1,98,192,191,207,2,17,0,85,62
1,98,192,191,210,2,17,0,85,190
1,98,192,191,213,2,17,0,84,190
1,98,192,191,216,2,17,0,84,190
1,98,192,191,219,2,18,0,86,190
